44.02313232421875, 175, 88, 50.74, 96, -50, -83.46, Inside
44.1619873046875, 175, 88, 50.74, 99, -49, -84.37, Inside
44.23065185546875, 175, 88, 50.74, 97, -53, -84.07, Inside
44.3115234375, 175, 88, 50.74, 82, -48, -81.67, Inside
44.33441162109375, 175, 88, 50.74, 99, -48, -83.85, Inside
44.305419921875, 175, 88, 50.74, 88, -51, -82.31, Inside
44.38323974609375, 0, 0, 0.00, 95, -47, -84.86, Inside
44.3450927734375, 150, 88, 53.61, 86, -45, -80.77, Inside
44.37713623046875, 161, 87, 50.69, 96, -48, -83.65, Inside
44.3939208984375, 161, 87, 50.69, 93, -56, -84.03, Inside
44.38934326171875, 161, 90, 50.71, 95, -48, -84.16, Inside
44.378662109375, 161, 87, 50.69, 84, -45, -80.87, Inside
44.40155029296875, 161, 87, 50.69, 96, -44, -84.57, Inside
44.354248046875, 161, 87, 50.69, 95, -46, -85.17, Inside
44.32525634765625, 161, 87, 50.69, 90, -43, -83.52, Inside
44.2962646484375, 161, 87, 50.69, 96, -48, -83.25, Inside
44.30694580078125, 161, 87, 50.69, 94, -43, -83.66, Inside
44.366455078125, 161, 87, 50.69, 90, -48, -82.69, Inside
44.37408447265625, 161, 87, 50.69, 92, -44, -84.64, Inside
44.3328857421875, 161, 87, 50.69, 97, -45, -84.33, Inside
44.31304931640625, 161, 87, 50.69, 90, -53, -83.22, Inside
44.2779541015625, 161, 87, 50.69, 98, -46, -84.60, Inside
44.27032470703125, 161, 87, 50.69, 94, -46, -84.03, Inside
44.22607421875, 47, 87, 35.43, 94, -48, -83.12, Inside
44.22454833984375, 30, 87, 61.97, 95, -46, -83.93, Inside
44.1986083984375, 132, 88, 42.98, 94, -51, -83.09, Inside
44.19097900390625, 132, 88, 42.98, 97, -45, -83.63, Inside
44.1741943359375, 132, 88, 42.98, 86, -53, -81.44, Inside
48.97308349609375, 155, 90, 51.36, 101, -43, -81.32, Inside
48.9105224609375, 155, 90, 51.36, 97, -42, -80.42, Inside
48.56109619140625, 155, 90, 51.36, 48, -52, -86.73, Inside
48.382568359375, 94, 88, 57.37, 101, -39, -82.14, Inside
48.35662841796875, 94, 88, 57.37, 98, -49, -82.00, Inside
48.3673095703125, 94, 88, 57.37, 101, -51, -81.71, Inside
48.39019775390625, 94, 88, 57.37, 100, -47, -80.04, Inside
48.3367919921875, 94, 88, 57.37, 98, -48, -81.97, Inside
48.28338623046875, 94, 88, 57.37, 108, -47, -81.80, Inside
48.1170654296875, 94, 88, 57.37, 70, -40, -83.26, Inside
47.67608642578125, 110, 84, 49.29, 109, -47, -82.55, Inside
47.5433349609375, 119, 89, 50.57, 99, -44, -81.04, Inside
47.58148193359375, 119, 89, 50.58, 104, -42, -80.43, Inside
47.5860595703125, 119, 89, 50.58, 90, -50, -84.17, Inside
47.72186279296875, 119, 89, 50.58, 80, -56, -87.15, Inside
47.625732421875, 119, 89, 50.58, 86, -59, -87.12, Inside
47.31597900390625, 119, 89, 50.58, 81, -61, -85.59, Inside
47.05810546875, 129, 89, 47.47, 87, -62, -86.26, Inside
46.73614501953125, 129, 89, 47.47, 84, -59, -86.56, Inside
46.4599609375, 83, 87, 56.10, 72, -50, -86.61, Inside
46.33026123046875, 83, 87, 56.10, 80, -59, -86.89, Inside
46.5423583984375, 83, 87, 56.10, 75, -54, -85.77, Inside
46.36688232421875, 83, 87, 56.10, 83, -57, -86.96, Inside
46.0723876953125, 83, 87, 56.10, 75, -48, -85.79, Inside
45.92437744140625, 83, 87, 56.10, 76, -59, -87.71, Inside
45.7977294921875, 83, 87, 56.10, 77, -56, -84.47, Inside
45.52154541015625, 83, 87, 56.10, 87, -52, -86.07, Inside
45.3216552734375, 83, 87, 56.10, 90, -51, -86.72, Inside
45.18585205078125, 92, 86, 51.89, 77, -59, -85.86, Inside
45.03173828125, 92, 86, 51.89, 82, -53, -85.51, Inside
44.89593505859375, 92, 86, 51.89, 79, -56, -86.63, Inside
44.82421875, 92, 86, 51.89, 78, -60, -88.00, Inside
44.71282958984375, 92, 86, 51.89, 82, -61, -87.72, Inside
44.622802734375, 92, 86, 51.89, 83, -61, -86.80, Inside
44.49920654296875, 92, 86, 51.89, 81, -61, -87.04, Inside
44.378662109375, 92, 86, 51.89, 85, -58, -86.99, Inside
44.33441162109375, 92, 86, 51.89, 77, -56, -84.61, Inside
44.2962646484375, 90, 87, 52.81, 87, -59, -85.13, Inside
44.22760009765625, 90, 87, 52.81, 87, -60, -86.51, Inside
44.1375732421875, 90, 87, 52.81, 80, -54, -86.45, Inside
44.07501220703125, 90, 87, 52.81, 81, -54, -85.98, Inside
44.1192626953125, 90, 87, 52.81, 78, -56, -85.62, Inside
43.96209716796875, 90, 87, 52.81, 86, -49, -85.40, Inside
43.975830078125, 90, 87, 52.81, 88, -55, -86.40, Inside
44.02313232421875, 90, 87, 52.81, 95, -53, -85.15, Inside
43.9727783203125, 20, 85, 54.70, 82, -60, -84.63, Inside
43.90411376953125, 72, 87, 51.38, 86, -55, -85.87, Inside
43.8873291015625, 72, 87, 51.38, 84, -62, -85.42, Inside
43.88275146484375, 72, 87, 51.38, 85, -54, -84.20, Inside
43.798828125, 72, 87, 51.38, 84, -57, -86.05, Inside
43.70269775390625, 72, 87, 51.38, 90, -60, -85.62, Inside
43.6614990234375, 72, 87, 51.38, 89, -62, -85.17, Inside
43.53790283203125, 72, 87, 51.38, 87, -60, -84.26, Inside
43.4326171875, 72, 87, 51.38, 83, -59, -85.41, Inside
43.39447021484375, 50, 87, 64.08, 88, -58, -85.22, Inside
43.39599609375, 81, 87, 60.69, 90, -57, -85.51, Inside
43.46160888671875, 81, 87, 60.69, 79, -59, -84.54, Inside
43.49365234375, 81, 87, 60.69, 95, -60, -85.08, Inside
43.36700439453125, 81, 87, 60.69, 88, -62, -86.41, Inside
43.365478515625, 81, 87, 60.69, 84, -59, -85.31, Inside
43.32427978515625, 81, 87, 60.69, 87, -57, -85.44, Inside
43.3837890625, 81, 87, 60.69, 89, -58, -86.92, Inside
43.42803955078125, 81, 87, 60.69, 89, -59, -86.73, Inside
43.42041015625, 60, 85, 57.30, 80, -58, -87.01, Inside
43.42803955078125, 74, 87, 58.88, 81, -58, -85.44, Inside
43.3319091796875, 74, 87, 58.88, 83, -55, -85.92, Inside
43.36395263671875, 74, 87, 58.88, 78, -55, -85.54, Inside
43.267822265625, 74, 87, 58.88, 85, -59, -85.33, Inside
43.23577880859375, 74, 87, 58.88, 89, -59, -84.81, Inside
43.2281494140625, 74, 87, 58.88, 78, -54, -85.50, Inside
43.19000244140625, 74, 87, 58.88, 95, -52, -85.91, Inside
43.1640625, 74, 87, 58.88, 94, -52, -87.98, Inside
43.22357177734375, 70, 87, 54.24, 102, -53, -85.52, Inside
43.17626953125, 85, 87, 54.35, 95, -56, -86.77, Inside
43.25714111328125, 85, 87, 54.35, 91, -58, -86.48, Inside
43.267822265625, 85, 87, 54.35, 92, -59, -85.30, Inside
43.23577880859375, 85, 87, 54.35, 87, -54, -84.51, Inside
43.206787109375, 85, 87, 54.35, 94, -56, -87.80, Inside
43.19000244140625, 85, 87, 54.35, 88, -53, -85.94, Inside
43.1671142578125, 85, 87, 54.35, 95, -53, -86.76, Inside
43.13812255859375, 85, 87, 54.35, 92, -53, -85.49, Inside
43.096923828125, 80, 85, 50.35, 95, -55, -85.09, Inside
43.05877685546875, 87, 87, 52.76, 84, -55, -85.81, Inside
43.0572509765625, 87, 87, 52.76, 88, -59, -86.76, Inside
43.04656982421875, 87, 87, 52.76, 95, -52, -86.85, Inside
43.0511474609375, 87, 87, 52.76, 98, -60, -84.56, Inside
43.04046630859375, 87, 87, 52.76, 94, -59, -87.16, Inside
43.07861328125, 87, 87, 52.76, 87, -60, -85.14, Inside
43.03741455078125, 87, 87, 52.76, 91, -52, -84.57, Inside
42.9412841796875, 87, 87, 52.76, 89, -52, -84.81, Inside
42.85430908203125, 86, 87, 54.06, 87, -62, -86.67, Inside
42.7703857421875, 86, 87, 54.06, 91, -59, -86.11, Inside
42.75665283203125, 86, 87, 54.06, 94, -55, -86.49, Inside
42.877197265625, 86, 87, 54.06, 84, -49, -86.18, Inside
43.59283447265625, 86, 87, 54.06, 93, -54, -84.78, Inside
43.505859375, 86, 87, 54.06, 96, -61, -86.95, Inside
43.29376220703125, 86, 87, 54.06, 87, -57, -84.15, Inside
43.1732177734375, 86, 87, 54.06, 92, -50, -84.37, Inside
43.08319091796875, 86, 87, 54.06, 95, -54, -85.20, Inside
43.0511474609375, 79, 88, 53.43, 87, -54, -83.48, Inside
42.90618896484375, 79, 88, 53.43, 85, -52, -85.47, Inside
42.7825927734375, 79, 88, 53.43, 90, -53, -86.52, Inside
42.66510009765625, 79, 88, 53.43, 93, -54, -84.85, Inside
42.5140380859375, 79, 88, 53.43, 91, -53, -85.20, Inside
42.46673583984375, 79, 88, 53.43, 90, -51, -86.01, Inside
42.3919677734375, 79, 88, 53.43, 88, -53, -84.73, Inside
42.31414794921875, 79, 88, 53.43, 99, -57, -85.17, Inside
42.266845703125, 79, 88, 53.43, 98, -51, -85.03, Inside
42.39654541015625, 78, 88, 49.00, 90, -51, -84.22, Inside
42.4072265625, 78, 88, 49.00, 102, -58, -85.75, Inside
42.43316650390625, 78, 88, 49.00, 90, -61, -85.19, Inside
42.41943359375, 78, 88, 49.00, 92, -54, -86.38, Inside
42.40264892578125, 78, 88, 49.00, 103, -56, -86.16, Inside
42.3431396484375, 78, 88, 49.00, 87, -62, -86.45, Inside
42.30194091796875, 78, 88, 49.00, 99, -61, -87.58, Inside
42.2821044921875, 78, 88, 49.00, 90, -59, -86.23, Inside
42.28668212890625, 78, 88, 49.00, 89, -56, -86.73, Inside
42.364501953125, 77, 82, 57.74, 88, -57, -87.58, Inside
42.35687255859375, 77, 82, 57.74, 87, -57, -85.21, Inside
42.49267578125, 77, 82, 57.74, 94, -56, -85.15, Inside
42.59490966796875, 77, 82, 57.74, 98, -62, -85.69, Inside
42.596435546875, 77, 82, 57.74, 91, -61, -86.10, Inside
42.62847900390625, 77, 82, 57.74, 97, -57, -87.26, Inside
42.578125, 77, 82, 57.74, 99, -57, -85.57, Inside
42.51251220703125, 77, 82, 57.74, 104, -61, -86.25, Inside
42.41943359375, 20, 86, 67.60, 99, -62, -85.69, Inside
42.39654541015625, 90, 88, 58.88, 92, -44, -86.47, Inside
42.51708984375, 90, 88, 58.88, 86, -45, -84.94, Inside
42.64678955078125, 90, 88, 58.88, 95, -56, -84.58, Inside
42.669677734375, 90, 88, 58.88, 97, -57, -83.42, Inside
42.67425537109375, 90, 88, 58.88, 102, -54, -83.40, Inside
42.7276611328125, 90, 88, 58.88, 103, -51, -85.91, Inside
42.64984130859375, 90, 88, 58.88, 97, -56, -85.96, Inside
42.5506591796875, 90, 88, 58.88, 96, -55, -83.94, Inside
42.52777099609375, 70, 88, 53.26, 103, -59, -85.79, Inside
42.56591796875, 91, 89, 51.84, 94, -59, -85.44, Inside
42.50335693359375, 91, 89, 51.84, 104, -55, -85.65, Inside
42.4591064453125, 91, 89, 51.84, 94, -56, -86.53, Inside
42.39654541015625, 91, 89, 51.84, 98, -52, -83.63, Inside
42.4560546875, 91, 89, 51.84, 97, -54, -83.97, Inside
42.42706298828125, 91, 89, 51.84, 117, -57, -85.77, Inside
42.4652099609375, 91, 89, 51.84, 110, -54, -84.85, Inside
42.45452880859375, 91, 89, 51.84, 93, -55, -83.06, Inside
42.510986328125, 70, 83, 57.39, 91, -51, -85.78, Inside
42.55828857421875, 89, 86, 54.81, 98, -48, -86.00, Inside
42.4896240234375, 89, 86, 54.81, 93, -48, -85.06, Inside
42.47894287109375, 89, 86, 54.81, 84, -48, -86.10, Inside
42.5567626953125, 89, 86, 54.81, 79, -50, -86.84, Inside
42.57659912109375, 89, 86, 54.81, 90, -56, -85.81, Inside
42.8192138671875, 89, 86, 54.81, 103, -53, -85.60, Inside
42.82379150390625, 89, 86, 54.81, 106, -57, -84.76, Inside
42.724609375, 89, 86, 54.81, 91, -53, -85.30, Inside
42.69561767578125, 80, 89, 56.41, 83, -57, -86.42, Inside
42.669677734375, 83, 89, 57.59, 88, -50, -86.41, Inside
42.52166748046875, 83, 89, 57.59, 80, -54, -87.14, Inside
42.4774169921875, 83, 89, 57.59, 89, -52, -86.74, Inside
42.51251220703125, 83, 89, 57.59, 86, -60, -87.55, Inside
42.51708984375, 83, 89, 57.59, 89, -59, -86.91, Inside
42.50335693359375, 83, 89, 57.59, 95, -58, -85.97, Inside
42.5384521484375, 83, 89, 57.59, 99, -56, -86.83, Inside
42.51861572265625, 83, 89, 57.59, 93, -56, -85.89, Inside
42.462158203125, 80, 86, 43.16, 99, -56, -87.58, Inside
42.34161376953125, 87, 89, 45.84, 94, -54, -85.44, Inside
42.327880859375, 87, 89, 45.84, 86, -59, -84.81, Inside
42.32635498046875, 87, 89, 45.84, 102, -60, -85.66, Inside
42.3492431640625, 87, 89, 45.84, 97, -54, -84.80, Inside
42.34771728515625, 87, 89, 45.84, 105, -61, -85.47, Inside
42.333984375, 87, 89, 45.84, 82, -62, -85.74, Inside
42.31414794921875, 87, 89, 45.84, 96, -58, -85.20, Inside
42.254638671875, 87, 89, 45.84, 106, -60, -84.52, Inside
42.20428466796875, 92, 87, 54.66, 114, -57, -84.90, Inside
42.266845703125, 92, 87, 54.66, 98, -62, -84.49, Inside
42.35687255859375, 92, 87, 54.66, 89, -60, -85.24, Inside
42.3583984375, 92, 87, 54.66, 91, -62, -86.31, Inside
42.44232177734375, 92, 87, 54.66, 106, -54, -83.86, Inside
42.46826171875, 92, 87, 54.66, 102, -59, -85.62, Inside
42.46368408203125, 92, 87, 54.66, 95, -54, -84.94, Inside
42.4774169921875, 92, 87, 54.66, 92, -60, -85.68, Inside
42.46673583984375, 92, 87, 54.66, 103, -61, -86.02, Inside
42.46826171875, 71, 87, 57.04, 93, -59, -85.08, Inside
42.44842529296875, 71, 87, 57.01, 100, -58, -85.39, Inside
42.4896240234375, 71, 87, 57.01, 96, -53, -84.34, Inside
50.94146728515625, 120, 89, 53.35, 109, -53, -85.61, Inside
50.5401611328125, 120, 89, 53.35, 107, -49, -86.72, Inside
50.04425048828125, 120, 89, 53.35, 102, -49, -87.44, Inside
49.5452880859375, 120, 89, 53.35, 101, -50, -85.20, Inside
49.11346435546875, 120, 89, 53.35, 101, -52, -86.33, Inside
48.8037109375, 120, 89, 53.35, 103, -50, -85.89, Inside
48.46954345703125, 120, 89, 53.35, 110, -61, -86.68, Inside
48.2269287109375, 120, 89, 53.35, 113, -53, -86.25, Inside
48.01788330078125, 86, 85, 53.91, 87, -51, -86.10, Inside
47.7874755859375, 86, 85, 53.91, 95, -49, -85.62, Inside
47.66693115234375, 86, 85, 53.91, 103, -49, -84.28, Inside
47.4395751953125, 86, 85, 53.91, 100, -54, -84.37, Inside
47.37701416015625, 86, 85, 53.91, 107, -51, -86.78, Inside
47.2747802734375, 86, 85, 53.91, 99, -47, -85.72, Inside
47.35565185546875, 86, 85, 53.91, 109, -51, -85.04, Inside
47.32666015625, 86, 85, 53.91, 95, -56, -85.98, Inside
47.33734130859375, 86, 85, 53.91, 91, -50, -84.62, Inside
47.2930908203125, 83, 87, 53.64, 99, -48, -84.99, Inside
47.12982177734375, 83, 87, 53.64, 102, -48, -86.39, Inside
46.9970703125, 83, 87, 53.64, 110, -59, -85.55, Inside
46.88873291015625, 83, 87, 53.64, 104, -51, -85.13, Inside
46.77734375, 83, 87, 53.64, 104, -56, -85.77, Inside
46.76666259765625, 83, 87, 53.64, 105, -53, -85.10, Inside
46.697998046875, 83, 87, 53.64, 88, -56, -85.09, Inside
46.54083251953125, 83, 87, 53.64, 100, -52, -84.69, Inside
46.4385986328125, 83, 87, 53.64, 98, -52, -85.15, Inside
46.34857177734375, 96, 86, 50.96, 98, -56, -85.03, Inside
46.282958984375, 96, 86, 50.96, 106, -59, -85.13, Inside
46.22650146484375, 96, 86, 50.96, 107, -58, -84.36, Inside
46.15478515625, 96, 86, 50.96, 96, -50, -85.24, Inside
46.04644775390625, 96, 86, 50.96, 104, -49, -84.75, Inside
46.0296630859375, 96, 86, 50.96, 91, -52, -85.38, Inside
46.01898193359375, 96, 86, 50.96, 97, -53, -83.61, Inside
45.98388671875, 96, 86, 50.96, 107, -49, -84.81, Inside
45.93963623046875, 20, 86, 70.30, 104, -50, -86.51, Inside
45.98388671875, 48, 86, 63.17, 108, -50, -85.19, Inside
45.96099853515625, 48, 86, 63.17, 107, -62, -86.84, Inside
45.941162109375, 48, 86, 63.17, 97, -48, -86.65, Inside
45.82672119140625, 48, 86, 63.17, 101, -60, -85.85, Inside
45.80078125, 48, 86, 63.17, 105, -51, -84.97, Inside
45.81146240234375, 48, 86, 63.17, 104, -61, -84.18, Inside
45.8160400390625, 48, 86, 63.17, 105, -57, -84.82, Inside
45.69854736328125, 48, 86, 63.17, 106, -48, -84.77, Inside
45.7305908203125, 70, 85, 57.74, 112, -48, -85.49, Inside
45.80841064453125, 85, 85, 58.76, 92, -60, -85.08, Inside
45.76416015625, 85, 85, 58.76, 111, -48, -86.93, Inside
45.79620361328125, 85, 85, 58.76, 110, -60, -86.01, Inside
45.794677734375, 85, 85, 58.76, 100, -51, -85.97, Inside
45.69244384765625, 85, 85, 58.76, 98, -47, -84.57, Inside
45.6573486328125, 85, 85, 58.76, 102, -49, -85.39, Inside
45.82672119140625, 85, 85, 58.76, 102, -59, -85.48, Inside
45.9442138671875, 85, 85, 58.76, 97, -51, -83.88, Inside
45.92742919921875, 70, 85, 49.37, 110, -57, -84.47, Inside
45.8526611328125, 84, 85, 51.07, 100, -54, -83.92, Inside
45.77484130859375, 84, 85, 51.07, 104, -55, -84.89, Inside
45.7855224609375, 84, 85, 51.07, 93, -58, -85.25, Inside
45.68939208984375, 84, 85, 51.07, 97, -59, -85.69, Inside
45.458984375, 84, 85, 51.10, 111, -61, -84.69, Inside
45.39947509765625, 84, 85, 51.10, 108, -50, -85.44, Inside
45.343017578125, 84, 85, 51.07, 102, -50, -85.83, Inside
45.36590576171875, 84, 85, 51.07, 108, -56, -84.02, Inside
45.3948974609375, 70, 87, 58.77, 105, -55, -85.29, Inside
45.45440673828125, 73, 87, 59.89, 105, -61, -85.77, Inside
45.32470703125, 73, 87, 59.89, 121, -54, -85.60, Inside
45.40863037109375, 73, 87, 59.89, 107, -48, -84.66, Inside
45.3826904296875, 73, 87, 59.89, 104, -56, -86.73, Inside
45.31707763671875, 73, 87, 59.89, 106, -51, -86.83, Inside
45.3887939453125, 73, 87, 59.89, 102, -51, -84.01, Inside
45.19805908203125, 73, 87, 59.89, 110, -49, -85.46, Inside
45.0592041015625, 73, 87, 59.89, 108, -48, -85.23, Inside
45.11871337890625, 85, 86, 51.13, 99, -49, -87.08, Inside
45.1568603515625, 85, 86, 51.13, 108, -50, -86.24, Inside
45.17059326171875, 85, 86, 51.13, 108, -59, -85.69, Inside
45.147705078125, 85, 86, 51.13, 115, -59, -87.77, Inside
45.01190185546875, 85, 86, 51.13, 104, -58, -84.55, Inside
44.9462890625, 85, 86, 51.13, 107, -58, -84.73, Inside
45.02716064453125, 85, 86, 51.13, 110, -52, -86.61, Inside
45.135498046875, 85, 86, 51.13, 86, -56, -85.87, Inside
45.18280029296875, 85, 86, 51.13, 90, -54, -85.86, Inside
45.20263671875, 92, 86, 52.35, 99, -48, -85.68, Inside
45.12176513671875, 92, 86, 52.35, 102, -61, -87.60, Inside
45.0439453125, 92, 86, 52.35, 103, -51, -85.15, Inside
45.01495361328125, 92, 86, 52.35, 99, -53, -85.04, Inside
44.940185546875, 92, 86, 52.35, 99, -54, -83.83, Inside
44.94476318359375, 92, 86, 52.35, 104, -53, -86.83, Inside
44.9676513671875, 92, 86, 52.35, 84, -54, -83.70, Inside
44.90814208984375, 92, 86, 52.35, 99, -48, -85.52, Inside
44.921875, 20, 87, 59.15, 99, -53, -85.35, Inside
44.94781494140625, 74, 87, 56.43, 89, -48, -84.35, Inside
45.0439453125, 74, 87, 56.43, 96, -52, -85.19, Inside
45.02105712890625, 74, 87, 56.43, 101, -51, -84.76, Inside
44.8638916015625, 74, 87, 56.43, 101, -58, -83.90, Inside
44.80743408203125, 74, 87, 56.43, 99, -52, -85.77, Inside
44.7418212890625, 74, 87, 56.43, 91, -54, -85.32, Inside
44.76470947265625, 74, 87, 56.43, 103, -55, -84.53, Inside
44.73876953125, 74, 87, 56.43, 91, -54, -84.14, Inside
44.68536376953125, 40, 86, 58.33, 94, -50, -84.27, Inside
44.6929931640625, 57, 86, 57.86, 100, -50, -85.62, Inside
44.70672607421875, 57, 86, 57.86, 92, -54, -84.90, Inside
44.708251953125, 57, 86, 57.86, 88, -48, -84.95, Inside
44.70977783203125, 57, 86, 57.86, 90, -51, -84.07, Inside
45.025634765625, 57, 86, 57.86, 102, -50, -85.69, Inside
45.46356201171875, 57, 86, 57.86, 102, -51, -87.26, Inside
45.3582763671875, 57, 86, 57.86, 95, -53, -86.57, Inside
45.07598876953125, 57, 86, 57.86, 89, -58, -85.82, Inside
45.0225830078125, 80, 85, 49.15, 103, -49, -85.30, Inside
44.96612548828125, 86, 85, 51.59, 96, -57, -85.05, Inside
44.7418212890625, 86, 85, 51.60, 76, -57, -84.01, Inside
44.56634521484375, 86, 85, 51.59, 95, -52, -85.20, Inside
44.4915771484375, 86, 85, 51.59, 87, -51, -86.09, Inside
44.57550048828125, 86, 85, 51.59, 106, -48, -84.70, Inside
44.4488525390625, 86, 85, 51.59, 100, -54, -85.85, Inside
44.55718994140625, 86, 85, 51.59, 95, -62, -86.20, Inside
44.5159912109375, 86, 85, 51.59, 93, -50, -86.20, Inside
51.49078369140625, 103, 91, 57.17, 84, -57, -85.44, Inside
50.9796142578125, 103, 91, 57.17, 81, -51, -86.12, Inside
50.31890869140625, 103, 91, 57.17, 91, -57, -86.89, Inside
49.8504638671875, 103, 91, 57.17, 91, -54, -84.23, Inside
49.57122802734375, 103, 91, 57.17, 80, -54, -83.06, Inside
49.32861328125, 103, 91, 57.17, 79, -51, -84.49, Inside
49.14398193359375, 103, 91, 57.17, 87, -51, -85.21, Inside
49.01123046875, 103, 91, 57.17, 78, -55, -85.46, Inside
48.94256591796875, 70, 86, 53.54, 84, -58, -84.90, Inside
48.8372802734375, 75, 86, 55.48, 94, -52, -85.70, Inside
48.78387451171875, 75, 86, 55.48, 84, -57, -85.25, Inside
48.8037109375, 75, 86, 55.48, 90, -50, -84.23, Inside
49.00665283203125, 75, 86, 55.48, 84, -51, -86.08, Inside
49.1455078125, 75, 86, 55.48, 87, -50, -83.30, Inside
49.04327392578125, 75, 86, 55.48, 90, -49, -84.53, Inside
48.9410400390625, 75, 86, 55.48, 94, -51, -85.81, Inside
48.83575439453125, 75, 86, 55.48, 84, -51, -84.74, Inside
48.6724853515625, 81, 84, 47.11, 86, -50, -84.66, Inside
48.68011474609375, 81, 84, 47.11, 86, -59, -85.69, Inside
48.5504150390625, 81, 84, 47.11, 102, -51, -85.41, Inside
48.50616455078125, 81, 84, 47.11, 98, -51, -84.86, Inside
48.5107421875, 81, 84, 47.11, 92, -54, -84.98, Inside
48.50921630859375, 81, 84, 47.11, 92, -51, -85.25, Inside
48.4375, 81, 84, 47.11, 96, -57, -84.91, Inside
48.40850830078125, 81, 84, 47.11, 96, -60, -86.16, Inside
48.35205078125, 81, 84, 47.11, 92, -50, -83.25, Inside
48.23455810546875, 66, 85, 61.48, 88, -54, -85.14, Inside
48.138427734375, 66, 85, 61.48, 79, -56, -84.89, Inside
48.11553955078125, 66, 85, 61.48, 87, -50, -85.25, Inside
48.1201171875, 66, 85, 61.48, 85, -57, -85.01, Inside
48.03009033203125, 66, 85, 61.48, 81, -53, -86.80, Inside
48.114013671875, 66, 85, 61.48, 86, -54, -86.34, Inside
48.07281494140625, 66, 85, 61.48, 75, -55, -85.11, Inside
48.095703125, 66, 85, 61.48, 91, -54, -85.76, Inside
48.06365966796875, 10, 80, 76.30, 89, -62, -85.84, Inside
48.0224609375, 69, 86, 62.77, 88, -61, -87.18, Inside
47.96905517578125, 69, 86, 62.77, 93, -58, -85.67, Inside
47.900390625, 69, 86, 62.77, 85, -55, -86.74, Inside
48.01483154296875, 69, 86, 62.77, 95, -62, -86.73, Inside
48.0072021484375, 69, 86, 62.77, 74, -57, -86.18, Inside
47.91412353515625, 69, 86, 62.77, 79, -55, -86.65, Inside
47.8851318359375, 69, 86, 62.77, 86, -56, -85.63, Inside
47.90496826171875, 69, 86, 62.77, 88, -51, -85.02, Inside
47.8546142578125, 79, 87, 59.51, 85, -58, -85.35, Inside
47.81341552734375, 83, 87, 57.33, 94, -56, -86.12, Inside
47.8363037109375, 83, 87, 57.33, 76, -55, -85.93, Inside
47.74932861328125, 83, 87, 57.33, 93, -54, -86.34, Inside
47.6470947265625, 83, 87, 57.33, 90, -51, -84.91, Inside
47.58758544921875, 83, 87, 57.33, 84, -54, -83.75, Inside
47.6104736328125, 83, 87, 57.33, 100, -58, -84.28, Inside
47.70355224609375, 83, 87, 57.33, 86, -57, -86.02, Inside
47.69287109375, 74, 87, 57.58, 83, -53, -85.70, Inside
47.60284423828125, 60, 87, 45.90, 96, -54, -84.78, Inside
47.4578857421875, 67, 87, 48.73, 85, -53, -83.76, Inside
47.50518798828125, 67, 87, 48.73, 87, -54, -84.49, Inside
47.613525390625, 67, 87, 48.73, 85, -53, -85.04, Inside
47.92633056640625, 67, 87, 48.73, 83, -56, -84.48, Inside
48.2513427734375, 67, 87, 48.73, 85, -56, -85.78, Inside
48.10333251953125, 67, 87, 48.73, 86, -52, -85.87, Inside
47.8759765625, 67, 87, 48.73, 87, -58, -85.80, Inside
47.73406982421875, 67, 87, 48.73, 71, -57, -84.87, Inside
47.66845703125, 90, 85, 49.57, 87, -59, -85.90, Inside
47.59674072265625, 96, 85, 51.79, 84, -56, -86.81, Inside
47.528076171875, 96, 85, 51.79, 87, -57, -84.80, Inside
47.44415283203125, 96, 85, 51.79, 83, -56, -87.37, Inside
47.2991943359375, 96, 85, 51.79, 83, -57, -85.71, Inside
47.16033935546875, 96, 85, 51.79, 79, -59, -87.13, Inside
47.186279296875, 96, 85, 51.79, 81, -57, -85.62, Inside
47.14813232421875, 96, 85, 51.79, 81, -56, -87.38, Inside
47.1221923828125, 96, 85, 51.79, 80, -56, -86.28, Inside
47.01690673828125, 88, 86, 52.88, 74, -58, -87.15, Inside
46.954345703125, 88, 86, 52.88, 71, -59, -86.38, Inside
46.91314697265625, 88, 86, 52.88, 73, -59, -86.41, Inside
46.8658447265625, 88, 86, 52.88, 75, -60, -86.39, Inside
46.82464599609375, 88, 86, 52.88, 75, -55, -84.64, Inside
46.8170166015625, 88, 86, 52.88, 75, -54, -86.47, Inside
46.88568115234375, 88, 86, 52.88, 69, -57, -87.68, Inside
46.8536376953125, 88, 86, 52.88, 78, -60, -86.86, Inside
46.83685302734375, 10, 85, 71.70, 71, -62, -87.39, Inside
46.881103515625, 90, 87, 49.30, 82, -54, -87.26, Inside
46.82769775390625, 90, 87, 49.30, 72, -59, -87.85, Inside
46.81396484375, 90, 87, 49.30, 74, -54, -87.77, Inside
46.81549072265625, 90, 87, 49.30, 69, -60, -86.77, Inside
46.7193603515625, 90, 87, 49.30, 73, -62, -87.85, Inside
46.68426513671875, 90, 87, 49.30, 73, -64, -88.21, Inside
46.6094970703125, 90, 87, 49.30, 82, -56, -87.50, Inside
46.51031494140625, 90, 87, 49.30, 86, -62, -90.08, Inside
46.4263916015625, 50, 85, 56.84, 72, -61, -89.51, Inside
46.43402099609375, 84, 85, 50.25, 73, -64, -88.40, Inside
46.3775634765625, 84, 85, 50.25, 74, -63, -88.86, Inside
46.35162353515625, 84, 85, 50.25, 77, -60, -88.49, Inside
46.356201171875, 84, 85, 50.25, 68, -61, -90.16, Inside
46.45233154296875, 84, 85, 50.25, 66, -62, -88.03, Inside
46.478271484375, 84, 85, 50.25, 70, -61, -89.74, Inside
46.53472900390625, 84, 85, 50.25, 61, -61, -88.79, Inside
46.5362548828125, 84, 85, 50.25, 65, -59, -89.23, Inside
46.45538330078125, 90, 84, 56.58, 67, -59, -86.18, Inside
46.42333984375, 98, 85, 58.16, 73, -54, -87.12, Inside
46.44622802734375, 98, 85, 58.16, 68, -62, -87.96, Inside
46.575927734375, 98, 85, 58.16, 90, -52, -84.27, Inside
46.71478271484375, 98, 85, 58.16, 69, -52, -83.81, Inside
46.8048095703125, 98, 85, 58.16, 65, -59, -88.63, Inside
46.77886962890625, 98, 85, 58.16, 63, -58, -86.63, Inside
46.7193603515625, 98, 85, 58.16, 69, -50, -88.03, Inside
46.68121337890625, 98, 85, 58.16, 63, -59, -89.22, Inside
46.5728759765625, 94, 82, 53.04, 68, -49, -87.75, Inside
46.58355712890625, 94, 82, 53.04, 71, -61, -88.38, Inside
46.6400146484375, 94, 82, 53.04, 55, -63, -87.89, Inside
46.66900634765625, 94, 82, 53.04, 67, -64, -88.51, Inside
46.734619140625, 94, 82, 53.04, 51, -62, -87.71, Inside
46.83685302734375, 94, 82, 53.04, 51, -60, -86.10, Inside
46.7376708984375, 94, 82, 53.04, 54, -70, -89.06, Inside
46.56829833984375, 94, 82, 53.04, 63, -62, -87.14, Inside
46.4599609375, 94, 82, 53.04, 64, -54, -86.56, Inside
46.36383056640625, 76, 88, 50.76, 53, -60, -87.19, Inside
46.38671875, 76, 88, 50.76, 50, -59, -87.78, Inside
46.43096923828125, 76, 88, 50.76, 55, -60, -85.20, Inside
46.4385986328125, 76, 88, 50.76, 65, -55, -88.12, Inside
46.75445556640625, 76, 88, 50.76, 59, -54, -89.59, Inside
47.308349609375, 76, 88, 50.76, 52, -42, -85.63, Inside
47.33734130859375, 76, 88, 50.76, 56, -41, -85.55, Inside
47.05810546875, 76, 88, 50.76, 55, -42, -86.45, Inside
46.86737060546875, 10, 82, 73.20, 55, -41, -84.55, Inside
46.734619140625, 76, 84, 56.38, 54, -41, -84.56, Inside
46.58660888671875, 76, 84, 56.38, 52, -42, -86.58, Inside
46.5301513671875, 76, 84, 56.38, 68, -42, -84.90, Inside
46.51031494140625, 76, 84, 56.38, 58, -41, -84.50, Inside
46.4019775390625, 76, 84, 56.38, 56, -43, -85.36, Inside
46.26007080078125, 76, 84, 56.38, 51, -43, -85.78, Inside
45.635986328125, 121, 87, 53.98, 78, -49, -81.13, Inside
45.64971923828125, 121, 87, 53.98, 78, -54, -80.78, Inside
45.5810546875, 20, 84, 70.60, 84, -48, -81.79, Inside
45.57342529296875, 118, 87, 58.14, 72, -42, -82.54, Inside
45.550537109375, 118, 87, 58.14, 60, -45, -85.80, Inside
45.57647705078125, 118, 87, 58.14, 60, -54, -84.57, Inside
45.5535888671875, 118, 87, 58.14, 67, -50, -85.84, Inside
45.54290771484375, 118, 87, 58.14, 58, -53, -84.62, Inside
45.574951171875, 118, 87, 58.14, 64, -65, -85.77, Inside
45.60699462890625, 118, 87, 58.14, 57, -49, -84.96, Inside
45.56884765625, 118, 87, 58.14, 61, -64, -85.51, Inside
43.59893798828125, 118, 87, 58.14, 55, -62, -83.51, Inside
41.7022705078125, 118, 87, 58.14, 62, -64, -85.35, Inside
40.58685302734375, 118, 87, 58.14, 61, -57, -85.46, Inside
39.996337890625, 118, 87, 58.14, 50, -61, -84.90, Inside
39.58587646484375, 118, 87, 58.14, 57, -58, -85.63, Inside
39.3524169921875, 118, 87, 58.14, 58, -53, -85.43, Inside
39.18609619140625, 118, 87, 58.14, 60, -61, -85.77, Inside
39.5050048828125, 118, 87, 58.14, 66, -62, -86.35, Inside
39.72625732421875, 0, 0, 0.00, 60, -59, -84.75, Inside
39.154052734375, 96, 81, 53.12, 67, -56, -84.96, Inside
38.71307373046875, 96, 81, 53.12, 65, -60, -85.82, Inside
38.4796142578125, 96, 81, 53.12, 64, -59, -85.45, Inside
38.29498291015625, 96, 81, 53.12, 67, -54, -86.10, Inside
38.128662109375, 96, 81, 53.12, 67, -61, -85.01, Inside
37.95318603515625, 96, 81, 53.12, 64, -61, -85.30, Inside
37.7532958984375, 96, 81, 53.12, 60, -58, -85.88, Inside
37.69378662109375, 96, 81, 53.12, 58, -48, -85.05, Inside
37.6373291015625, 96, 81, 53.12, 66, -54, -85.65, Inside
37.56866455078125, 96, 81, 53.12, 55, -61, -86.47, Inside
37.4481201171875, 96, 81, 53.12, 58, -57, -85.38, Inside
37.29095458984375, 96, 81, 53.12, 58, -51, -84.19, Inside
37.1826171875, 96, 81, 53.12, 64, -67, -86.16, Inside
37.09869384765625, 96, 81, 53.12, 58, -50, -84.83, Inside
37.017822265625, 96, 81, 53.12, 59, -51, -84.37, Inside
36.90032958984375, 96, 81, 53.12, 59, -56, -84.42, Inside
36.7645263671875, 44, 81, 55.00, 55, -52, -82.69, Inside
36.64703369140625, 40, 81, 51.58, 58, -63, -85.10, Inside
36.5478515625, 93, 81, 54.20, 64, -53, -85.89, Inside
36.43646240234375, 93, 81, 54.20, 56, -52, -83.89, Inside
36.3555908203125, 93, 81, 54.20, 63, -58, -85.73, Inside
36.21368408203125, 93, 81, 54.20, 71, -61, -86.28, Inside
36.1602783203125, 93, 81, 54.20, 67, -60, -85.55, Inside
36.07330322265625, 93, 81, 54.20, 53, -61, -84.08, Inside
36.029052734375, 93, 81, 54.20, 57, -57, -84.54, Inside
35.93597412109375, 93, 81, 54.20, 66, -59, -85.45, Inside
35.85205078125, 93, 81, 54.20, 65, -56, -84.66, Inside
35.72845458984375, 93, 81, 54.20, 55, -64, -85.53, Inside
35.6048583984375, 93, 81, 54.20, 62, -60, -84.52, Inside
35.03265380859375, 0, 0, 0.00, 65, -66, -85.80, Inside
35.0189208984375, 0, 0, 0.00, 59, -53, -83.39, Inside
34.90753173828125, 72, 80, 58.38, 65, -52, -84.11, Inside
34.8419189453125, 72, 80, 58.38, 62, -43, -84.52, Inside
34.74578857421875, 72, 80, 58.38, 65, -52, -85.85, Inside
34.6466064453125, 72, 80, 58.38, 60, -59, -85.65, Inside
34.54437255859375, 72, 80, 58.38, 63, -41, -84.03, Inside
34.5062255859375, 72, 80, 58.38, 63, -52, -86.27, Inside
34.42840576171875, 72, 80, 58.38, 61, -60, -84.56, Inside
34.48486328125, 72, 80, 58.38, 60, -55, -84.45, Inside
34.48638916015625, 72, 80, 58.38, 62, -57, -85.16, Inside
34.4207763671875, 72, 80, 58.38, 55, -45, -85.38, Inside
34.32464599609375, 72, 80, 58.38, 61, -53, -86.90, Inside
34.21630859375, 72, 80, 58.38, 54, -64, -86.72, Inside
34.18731689453125, 72, 80, 58.38, 56, -43, -83.43, Inside
34.08203125, 72, 80, 58.38, 63, -47, -84.43, Inside
34.05914306640625, 72, 80, 58.38, 52, -48, -85.56, Inside
33.9813232421875, 72, 80, 58.38, 58, -47, -84.64, Inside
33.91571044921875, 28, 80, 57.07, 62, -48, -84.79, Inside
33.8165283203125, 20, 81, 75.25, 60, -48, -84.52, Inside
33.78448486328125, 80, 80, 56.64, 53, -44, -84.55, Inside
33.7432861328125, 80, 80, 56.64, 68, -48, -85.78, Inside
33.70819091796875, 80, 80, 56.64, 55, -47, -84.44, Inside
33.6517333984375, 80, 80, 56.64, 57, -45, -84.02, Inside
33.61053466796875, 80, 80, 56.64, 56, -49, -83.73, Inside
33.538818359375, 80, 80, 56.64, 56, -42, -84.82, Inside
33.48541259765625, 80, 80, 56.64, 53, -45, -84.30, Inside
33.43505859375, 80, 80, 56.64, 58, -46, -84.03, Inside
33.44879150390625, 80, 80, 56.64, 59, -44, -85.31, Inside
33.3648681640625, 80, 80, 56.64, 67, -62, -84.33, Inside
33.38775634765625, 80, 80, 56.64, 64, -61, -86.44, Inside
33.3465576171875, 80, 80, 56.64, 68, -61, -84.15, Inside
33.41522216796875, 103, 80, 53.29, 62, -60, -84.97, Inside
33.282470703125, 122, 82, 50.55, 65, -61, -85.52, Inside
33.22296142578125, 122, 82, 50.55, 62, -61, -84.98, Inside
33.16650390625, 122, 82, 50.55, 60, -56, -85.52, Inside
33.07952880859375, 109, 82, 53.06, 56, -63, -85.62, Inside
33.0322265625, 109, 82, 53.06, 54, -45, -83.52, Inside
33.00018310546875, 109, 82, 53.06, 61, -51, -86.02, Inside
32.9620361328125, 109, 82, 53.06, 58, -54, -85.74, Inside
32.89642333984375, 109, 82, 53.06, 69, -63, -85.30, Inside
32.8277587890625, 109, 82, 53.06, 64, -60, -85.48, Inside
32.78350830078125, 109, 82, 53.06, 67, -62, -86.21, Inside
32.7392578125, 109, 82, 53.06, 62, -58, -84.77, Inside
32.69195556640625, 109, 82, 53.06, 69, -56, -85.70, Inside
32.623291015625, 109, 82, 53.06, 72, -61, -86.82, Inside
32.56683349609375, 109, 82, 53.06, 63, -62, -86.29, Inside
32.5408935546875, 109, 82, 53.06, 62, -62, -86.87, Inside
32.49359130859375, 109, 82, 53.06, 71, -57, -86.46, Inside
32.489013671875, 0, 0, 0.00, 71, -62, -86.03, Inside
32.46307373046875, 0, 0, 0.00, 63, -64, -86.75, Inside
32.38525390625, 84, 80, 57.96, 59, -60, -85.05, Inside
32.32879638671875, 84, 80, 57.94, 59, -62, -85.86, Inside
32.2662353515625, 84, 80, 57.94, 57, -54, -83.70, Inside
32.28607177734375, 84, 80, 57.94, 66, -60, -86.15, Inside
32.21435546875, 84, 80, 57.94, 65, -53, -85.55, Inside
32.18231201171875, 84, 80, 57.94, 65, -54, -84.55, Inside
32.11669921875, 84, 80, 57.94, 62, -54, -84.77, Inside
32.04193115234375, 84, 80, 57.94, 60, -58, -86.75, Inside
31.9915771484375, 84, 80, 57.94, 66, -50, -86.32, Inside
31.95648193359375, 84, 80, 57.94, 58, -62, -87.53, Inside
31.93359375, 84, 80, 57.94, 61, -43, -84.85, Inside
31.94427490234375, 84, 80, 57.94, 60, -47, -84.80, Inside
31.9305419921875, 84, 80, 57.94, 63, -62, -86.00, Inside
31.89239501953125, 84, 80, 57.94, 64, -42, -85.78, Inside
31.866455078125, 84, 80, 57.94, 58, -48, -84.76, Inside
31.77642822265625, 84, 80, 57.94, 57, -47, -85.54, Inside
31.756591796875, 32, 80, 49.84, 59, -44, -85.02, Inside
31.72149658203125, 20, 77, 55.35, 66, -44, -84.36, Inside
31.6619873046875, 87, 80, 56.98, 57, -41, -85.33, Inside
31.66046142578125, 87, 80, 56.98, 68, -45, -85.97, Inside
31.610107421875, 87, 80, 56.98, 72, -45, -86.38, Inside
31.57501220703125, 87, 80, 56.98, 64, -46, -84.94, Inside
31.5185546875, 87, 80, 56.98, 65, -47, -84.09, Inside
31.46514892578125, 87, 80, 56.98, 68, -45, -85.37, Inside
31.4300537109375, 87, 80, 56.98, 72, -42, -86.86, Inside
31.39801025390625, 87, 80, 56.98, 71, -41, -85.61, Inside
31.3568115234375, 87, 80, 56.98, 75, -40, -85.41, Inside
31.37054443359375, 87, 80, 56.98, 70, -43, -85.16, Inside
31.3995361328125, 87, 80, 56.98, 69, -41, -86.74, Inside
31.34613037109375, 87, 80, 56.98, 60, -45, -85.27, Inside
31.304931640625, 87, 80, 56.98, 66, -46, -84.70, Inside
31.26983642578125, 87, 80, 56.98, 66, -46, -84.05, Inside
31.2347412109375, 87, 80, 56.98, 59, -62, -84.69, Inside
31.27288818359375, 87, 80, 56.98, 69, -42, -86.22, Inside
31.3201904296875, 0, 0, 0.00, 65, -45, -84.06, Inside
31.54449462890625, 80, 80, 55.34, 73, -40, -86.59, Inside
31.8206787109375, 93, 81, 55.38, 65, -55, -86.14, Inside
32.06024169921875, 93, 81, 55.38, 61, -56, -85.59, Inside
31.884765625, 93, 81, 55.38, 65, -54, -84.92, Inside
31.42547607421875, 93, 81, 55.38, 63, -50, -84.75, Inside
31.182861328125, 93, 81, 55.38, 66, -53, -84.77, Inside
31.01959228515625, 93, 81, 55.38, 60, -65, -85.42, Inside
30.96923828125, 93, 81, 55.38, 63, -58, -84.44, Inside
30.96466064453125, 93, 81, 55.38, 69, -61, -84.72, Inside
31.0028076171875, 93, 81, 55.38, 63, -59, -82.62, Inside
30.98297119140625, 93, 81, 55.38, 70, -57, -84.17, Inside
30.9967041015625, 93, 81, 55.38, 66, -56, -84.56, Inside
31.02874755859375, 93, 81, 55.38, 70, -54, -84.47, Inside
31.0302734375, 93, 81, 55.38, 60, -58, -83.75, Inside
31.02874755859375, 93, 81, 55.38, 68, -54, -84.54, Inside
30.9722900390625, 93, 81, 55.38, 60, -60, -84.23, Inside
30.96466064453125, 93, 81, 55.38, 67, -57, -83.73, Inside
30.938720703125, 0, 0, 0.00, 61, -57, -83.34, Inside
30.93719482421875, 97, 84, 52.69, 64, -56, -83.08, Inside
30.938720703125, 97, 83, 52.67, 64, -58, -84.73, Inside
30.91888427734375, 97, 83, 52.67, 58, -64, -84.88, Inside
30.908203125, 97, 83, 52.67, 67, -61, -83.99, Inside
30.85174560546875, 97, 83, 52.67, 60, -62, -84.97, Inside
30.8685302734375, 97, 83, 52.67, 63, -55, -84.08, Inside
30.88836669921875, 97, 83, 52.67, 59, -61, -83.88, Inside
30.975341796875, 97, 83, 52.67, 68, -57, -83.60, Inside
31.22100830078125, 97, 83, 52.67, 62, -56, -83.53, Inside
31.4361572265625, 97, 83, 52.67, 62, -56, -83.79, Inside
31.67266845703125, 97, 83, 52.67, 70, -61, -84.74, Inside
31.8603515625, 97, 83, 52.67, 61, -62, -82.84, Inside
31.95953369140625, 97, 83, 52.67, 66, -58, -84.59, Inside
32.0709228515625, 97, 83, 52.67, 61, -59, -85.64, Inside
32.19451904296875, 97, 83, 52.65, 58, -54, -83.02, Inside
32.2601318359375, 30, 80, 35.43, 62, -45, -85.26, Inside
32.38677978515625, 94, 81, 47.27, 68, -62, -85.72, Inside
31.7474365234375, 94, 81, 47.27, 61, -57, -84.28, Inside
30.88531494140625, 94, 81, 47.27, 64, -57, -83.38, Inside
30.560302734375, 94, 81, 47.27, 61, -58, -84.25, Inside
30.35430908203125, 94, 81, 47.27, 64, -56, -85.20, Inside
30.255126953125, 94, 81, 47.27, 62, -57, -83.73, Inside
30.22308349609375, 94, 81, 47.27, 65, -55, -82.42, Inside
30.1666259765625, 94, 81, 47.27, 66, -61, -84.74, Inside
30.11322021484375, 94, 81, 47.27, 65, -62, -85.06, Inside
30.09033203125, 94, 81, 47.27, 60, -61, -86.52, Inside
30.08880615234375, 94, 81, 47.27, 64, -62, -85.08, Inside
30.0537109375, 94, 81, 47.27, 73, -54, -85.97, Inside
30.00030517578125, 94, 81, 47.27, 66, -62, -84.21, Inside
29.9560546875, 94, 81, 47.27, 68, -65, -85.79, Inside
29.88128662109375, 94, 81, 47.27, 59, -61, -83.80, Inside
29.8583984375, 40, 81, 53.42, 64, -58, -85.09, Inside
29.79888916015625, 0, 0, 0.00, 72, -61, -84.62, Inside
29.7576904296875, 0, 0, 0.00, 62, -63, -84.40, Inside
29.75921630859375, 10, 81, 68.00, 73, -63, -84.96, Inside
29.7088623046875, 91, 81, 58.81, 61, -57, -82.56, Inside
29.62493896484375, 91, 81, 58.81, 58, -56, -83.55, Inside
29.498291015625, 91, 81, 58.81, 65, -61, -83.48, Inside
29.44183349609375, 91, 81, 58.81, 63, -65, -85.27, Inside
29.3853759765625, 91, 81, 58.81, 64, -54, -84.83, Inside
29.37164306640625, 91, 81, 58.81, 69, -62, -85.22, Inside
29.35791015625, 91, 81, 58.81, 65, -54, -85.09, Inside
29.32281494140625, 91, 81, 58.81, 61, -58, -83.59, Inside
29.248046875, 91, 81, 58.81, 59, -60, -84.51, Inside
29.21905517578125, 91, 81, 58.81, 64, -61, -84.42, Inside
29.1412353515625, 91, 81, 58.81, 61, -43, -83.82, Inside
29.06341552734375, 91, 81, 58.81, 61, -42, -83.48, Inside
29.0435791015625, 91, 81, 58.81, 64, -60, -85.89, Inside
29.30755615234375, 91, 81, 58.81, 63, -63, -87.10, Inside
29.5379638671875, 91, 81, 58.81, 62, -54, -86.02, Inside
29.51202392578125, 91, 81, 58.81, 64, -64, -86.52, Inside
29.77294921875, 1, 80, 80.00, 57, -59, -86.40, Inside
29.67071533203125, 80, 81, 60.17, 63, -54, -87.08, Inside
29.6600341796875, 82, 81, 58.74, 62, -53, -87.10, Inside
44.53277587890625, 1, 79, 79.00, 47, -36, -86.30, Inside
37.7685546875, 0, 0, 0.00, 43, -49, -85.91, Inside
37.73040771484375, 0, 0, 0.00, 44, -46, -84.93, Inside
37.7716064453125, 39, 79, 34.56, 42, -61, -86.21, Inside
37.76092529296875, 39, 80, 34.62, 44, -63, -87.02, Inside
37.6861572265625, 39, 80, 34.62, 37, -47, -84.70, Inside
37.65716552734375, 39, 80, 34.62, 35, -48, -83.89, Inside
37.6800537109375, 39, 80, 34.62, 35, -46, -85.77, Inside
37.60223388671875, 39, 80, 34.62, 45, -58, -87.93, Inside
37.60986328125, 39, 80, 34.62, 33, -45, -86.52, Inside
37.71209716796875, 39, 80, 34.62, 43, -47, -86.88, Inside
37.6373291015625, 39, 80, 34.62, 37, -52, -84.08, Inside
37.47406005859375, 54, 79, 31.67, 39, -45, -85.59, Inside
37.481689453125, 54, 79, 31.67, 32, -45, -86.38, Inside
37.44964599609375, 54, 79, 31.67, 42, -51, -88.74, Inside
37.1551513671875, 37, 79, 37.38, 43, -56, -86.65, Inside
37.08343505859375, 37, 79, 37.38, 46, -48, -86.72, Inside
37.02392578125, 37, 79, 37.38, 42, -58, -84.74, Inside
36.95831298828125, 16, 79, 47.62, 35, -54, -84.91, Inside
36.9354248046875, 0, 0, 0.00, 51, -48, -87.10, Inside
36.93389892578125, 27, 80, 43.85, 47, -51, -87.13, Inside
36.9140625, 27, 79, 43.78, 42, -53, -87.90, Inside
36.90032958984375, 27, 79, 43.78, 50, -53, -87.22, Inside
36.8743896484375, 27, 79, 43.78, 37, -52, -88.41, Inside
36.84234619140625, 27, 79, 43.78, 41, -49, -89.12, Inside
36.7828369140625, 27, 79, 43.78, 39, -50, -86.87, Inside
36.78131103515625, 27, 79, 43.78, 47, -38, -85.11, Inside
36.70654296875, 27, 79, 43.78, 48, -38, -87.27, Inside
36.63787841796875, 27, 79, 43.78, 50, -37, -87.72, Inside
36.5875244140625, 27, 79, 43.78, 37, -38, -86.22, Inside
36.57989501953125, 27, 79, 43.78, 37, -37, -87.00, Inside
36.5753173828125, 27, 79, 43.78, 44, -37, -87.57, Inside
36.55853271484375, 27, 79, 43.78, 33, -38, -85.55, Inside
36.456298828125, 27, 79, 43.78, 41, -40, -85.20, Inside
36.40899658203125, 27, 79, 43.78, 43, -38, -85.70, Inside
36.328125, 27, 79, 43.78, 36, -38, -86.31, Inside
36.32659912109375, 12, 79, 55.67, 43, -37, -87.21, Inside
36.2945556640625, 10, 80, 25.70, 41, -39, -86.39, Inside
36.25640869140625, 26, 79, 41.50, 44, -38, -86.02, Inside
36.2579345703125, 26, 80, 41.54, 42, -38, -87.36, Inside
36.25640869140625, 26, 79, 41.50, 40, -38, -85.03, Inside
36.2640380859375, 26, 79, 41.50, 39, -38, -87.67, Inside
36.17095947265625, 26, 79, 41.50, 45, -37, -87.09, Inside
36.0565185546875, 26, 79, 41.50, 45, -37, -84.93, Inside
36.07940673828125, 26, 79, 41.50, 31, -42, -86.42, Inside
36.053466796875, 26, 79, 41.50, 45, -49, -88.53, Inside
36.07330322265625, 26, 79, 41.50, 42, -55, -84.88, Inside
36.1083984375, 26, 79, 41.50, 30, -56, -87.27, Inside
36.12518310546875, 26, 79, 41.50, 44, -54, -87.68, Inside
36.1053466796875, 26, 79, 41.50, 39, -55, -86.51, Inside
36.13128662109375, 26, 79, 41.50, 37, -54, -88.51, Inside
36.090087890625, 26, 79, 41.50, 33, -65, -86.24, Inside
36.02752685546875, 26, 79, 41.50, 42, -55, -86.36, Inside
35.980224609375, 26, 79, 41.50, 40, -54, -86.50, Inside
35.97869873046875, 0, 0, 0.00, 41, -59, -86.10, Inside
36.0137939453125, 32, 80, 40.12, 42, -54, -85.48, Inside
35.89324951171875, 32, 80, 40.12, 30, -64, -84.27, Inside
35.9527587890625, 32, 80, 40.12, 39, -58, -87.31, Inside
